0678391749
0927158977
0281565437
0395753257
0720960292
0564239830
0685148805
0525992205
0135967293
0577764727
0899466183
0500863543
0339175928
0616302632
0526948531
0339839265
0883669711
0593146486
0220354769
0353101857
0122529591
0471449859
0651318178
0792880522
0174957347
0501221628
0630902844
0186530759
0171742656
0345774854
0830996763
0103756304
0791127473
0913736231
0693646618
0678728517
0774483060
0215426003
0266857708
0133469008
0520589547
0116210841
0847387846
0114956110
0494175222
0373426991
0537759242
0274249470
0671572720
0538420763
0698659741
0856315313
0211835137
0127 113 107
0677 366 201
0835 766 862
0495 778 287
0751 796 706
0869 501 718
0485 318 113
0384 454 196
0579 265 185
0458 556 422
0431 916 730
0250 979 985
0255 824 709
0250 243 801
0396 171 265
0302 859 758
0373 826 919
0181 662 222
0141 408 870
0202 844 511
0909 665 269
0673 517 379
0602 125 494
0392 835 241
0175 567 099
0495 132 738
0506 154 744
0700 950 235
0688 591 621
0928 450 458
0535 521 112
0273 523 999
0214 512 760
0898 970 037
0100 401 839
0798 130 965
0766 825 540
0558 503 849
0801 596 033
0197 873 507
0839 660 056
0621 306 433
0693 402 739
0654 793 478
0558 503 304
0459 400 741
0769 594 551
0906 138 227
